-7.497654730546972957e+00 7.426804033275021588e+00 2.553035802563643841e+01 9.475639634786102050e+00 1.481320786951231661e+01
1.514218841394382054e+01 6.211796692214004878e+00 3.299566694317068283e+00 1.010504169176824618e+01 7.550014442733816722e+00
5.419730144973756936e+00 8.351634881228921614e+00 8.164049496773351677e+00 2.016847071685779014e+01 1.172720805709660929e+01
8.955888566093722858e+00 -1.312803768519097858e+00 2.429732685133346237e+01 7.618643772955826066e+00 -6.183182462554361436e+00
2.618981660675259704e+01 1.941605174513406951e+01 1.148120860786787034e+01 3.575642617487023500e+00 6.845186905639428332e+00
1.937082201108952262e+01 1.131000343834808675e+01 2.761556125145330753e+01 8.737619407976975339e+00 5.556760148547769340e+00
1.222399608555304873e+01 -1.043216995225336774e+01 6.436476944055645077e+00 2.016454011019285986e+01 1.250444761534178539e+01
5.440530725319978167e+00 1.589622268029125607e+01 -2.906168263836040211e+00 -1.563990488613127283e+00 -7.324345139149261996e+00
4.555608383275356665e+00 -2.681717368134276747e+00 1.407314563228903026e+01 5.870612645218374226e+00 1.799748074755309091e+01
-7.330956236532809811e+00 -5.833100991296300109e+00 1.757507753167365294e+01 -4.135785028221757642e+00 1.970713866612128840e+01
-1.880175973177193427e+00 -1.497461935354897022e+00 4.599538384552317893e+00 3.720676356341291680e+00 6.088634678336795503e+00
1.507809590492319884e+01 -4.622273465104797197e+00 2.649469742726979149e+01 1.120388754082600613e+01 -3.897314812650339633e+00
1.182016105169825693e+00 4.186389494880601525e+00 1.637844621923621702e+01 1.213548548628612345e+01 -1.135529399380822113e+01
-4.420987770931699146e-01 1.013038881687546322e+01 2.136205213323823671e+01 2.226921439399790614e+01 -9.321906110589265992e+00
-8.411883001867170861e+00 7.660932261673036869e+00 1.068222864947191297e+01 5.107820219102467973e+00 2.534607561504933670e+01
4.492855880854071948e+00 1.150453330326841161e+01 9.300766091918077905e-01 1.780573335794274215e+01 -6.045230926622938483e+00
1.690121470224707423e+01 1.086890066138404798e+01 -1.666875295783910360e+00 2.104974121466680970e+01 1.278822399323067316e+01
1.428232870596740689e+01 5.088719898979144673e+00 1.428283634823073278e+01 6.211741752090115476e+00 -6.994511991939312168e+00
-7.059520057381703850e+00 7.691639571070057357e+00 3.276573426962166025e+01 8.230966498310252177e+00 2.331936081825536178e+01
1.003017434031213995e+01 3.239765342753766486e+00 1.403957593987599139e+01 1.014985889102885963e+01 -1.987151535222769638e+01
-7.046512057609625401e+00 -7.362610068273628627e+00 -1.573315474050885499e+01 1.233317278138862960e+01 2.511113329418920959e+00
5.498235649883492115e+00 5.324278011487738382e+00 1.422213928039390929e+01 1.517367975941068003e+01 -2.524141777250373586e+00
-2.963918071501508322e+00 4.951394435654529858e+00 9.762849000565795521e+00 1.401643507082699358e-01 1.345380073233730212e+00
-2.710230408466609120e+00 1.986170938423235199e+01 2.093390658516588232e+01 -7.580812342078665722e+00 3.651986880100050570e+00
-5.406160245526137942e+00 2.446713968482138313e+01 3.000655046716360630e-02 1.028280153601773605e+00 2.612871306853204345e+00
-4.290668984482909565e+00 1.349004776505259784e+01 1.380602414037534764e+01 2.094597705760013184e+01 1.259693119850205534e+01
-4.977203810831696273e+00 -7.938859767919380417e+00 2.696262586399057426e+01 2.152275626081890891e+01 -7.172541306410147754e+00
8.427348326248621291e+00 -1.107585160264386204e+01 1.507884130806613499e+01 1.947055655099147486e+01 9.296764358626095515e+00
-4.150429208525260094e+00 -2.407599230105716082e+00 2.179626303663695808e+01 7.618790836511571740e+00 2.574793167946565831e+01
6.567023178175302789e+00 -2.166293716831945382e+00 2.163183646059992427e+01 1.392917191823306489e+01 1.515410693476293869e+00
3.298653940713676036e+01 2.347904473592681729e+00 1.866299368357189437e+01 1.469987238631088999e+01 1.801689528819117037e+00
-1.477415998765863492e+00 2.103623988120704880e+01 6.778492299442466340e+00 2.293686649658721421e+01 2.704822467600437985e+00
9.911013367078897573e+00 -1.431980084071721393e+00 2.153062187691978835e+01 -4.094388961729542586e+00 2.443262263433996040e+01
-4.474361123195851775e+00 5.302484553527021305e+00 2.349360864660986792e+01 -8.151887171225265405e+00 4.204594130658890094e+00
1.301049463788065452e+01 -1.284899961685180259e+01 1.622390809445448667e+01 5.150782647527697655e+00 3.737988162864229302e+00
2.990273649754090357e+01 9.229978045207515081e+00 1.383654597242512807e+01 7.841836641593499913e+00 -8.585029367597998728e+00
4.855701086312147474e+00 1.839398799967386644e+00 1.822380220421977981e+01 1.059570689677649113e+00 1.736907885190225187e+01
7.697153215728921083e+00 -3.044181997350231761e+00 8.086248789148280380e+00 1.936995169018211982e+01 9.358672525149101418e+00
2.775993585506766692e+01 9.130743788396454619e+00 2.570526982948143413e+01 3.277712232250203783e+01 4.407798078597977565e-01
1.649172927254682008e+01 2.252184455485018333e+00 2.417264343251169478e+01 6.000169551511331356e+00 2.076166724319206480e+01
1.604423538589202280e+01 -5.070304174806992137e+00 1.992023269360377924e+01 7.629355843484267652e+00 6.017757729693165913e+00
2.308346826644147143e+01 1.787601811408552521e+01 -3.353911473330732917e+00 1.488377420227324066e+01 1.609145667236364652e+00
1.527369132824413533e+01 2.569711625225288287e-01 1.877092297417684463e+01 -2.297626622362145099e+00 9.077065249765084332e+00
1.717196072544330931e+00 8.234572818376500791e+00 1.240482634996669375e+01 2.441082087196604533e+01 2.163536310737307744e+01
3.380622850740859775e+00 3.865227148479316810e+01 1.791438619271919919e+01 1.527245352976451542e+01 1.886529394313253505e+00
-4.246555886796945956e+00 -2.248721853412321892e+00 1.290004604079144102e+01 2.152959427991925168e+01 -4.833626436429375062e+00
-9.455718961569559156e-01 1.586512504480153130e+00 8.048861608432982706e+00 2.171881052176939164e+00 5.882299344254850126e+00
3.972406301762859471e+00 1.525555452982598226e+01 2.327053298800252890e+01 -1.069156994686265705e+01 1.518293622668256404e+00
8.359745973239435912e+00 1.616580590364909398e+01 7.731460952716992630e+00 9.250601921104026459e+00 1.647457438513989914e+01
2.159968974075068360e+01 1.102184505359776878e+01 1.160951893856900341e+00 2.722307767877679296e+01 3.200366823508665526e+00
6.238526323840636323e+00 8.603492106616837276e+00 2.855421460737774098e+01 1.441506887875446630e+01 4.623333294027609064e+00
1.831533029905143195e+01 2.699369468755593005e+01 4.603975569412378732e+00 1.311822578542178874e+01 3.039432033111461351e+01
1.403598415425355839e+01 -1.484834387319579463e+01 2.677452031864894622e+01 7.544117361934240762e+00 -7.703180389254832505e+00
1.635501168195453303e+01 1.015643289076725964e+00 9.977100784028177571e+00 6.633595731876752666e+00 1.323124401666483330e+01
1.025191903274543925e+01 1.917536128354256419e+01 1.769611150673734912e+01 7.193678378311093802e+00 1.542332743021335517e+01
2.098875986566869045e+01 -1.732910373907717982e+01 2.159204331401956267e+01 9.148191298772985647e+00 9.804114112715211604e+00
1.468000688202764259e+01 3.109001947365918284e+01 3.419086116729860692e+01 1.947403418239954576e+01 -8.970858674771884367e-01
1.865751754232043425e+00 2.231031356554681544e+00 1.907047501976287052e+01 9.332218357627439786e+00 -3.560620219978577694e+00
2.559314856889102430e+01 -6.926888646283135387e+00 2.158042498165760747e+01 5.600305320060172676e-03 6.763704781550424094e+00
1.242691584012229455e+00 5.176084562665642430e+00 4.418316644186539577e+00 -6.811146489414053207e+00 6.823427274870421222e+00
4.515077197247904905e+00 3.473650302275476776e+00 4.573390523961979426e+01 4.534203517597431699e+01 2.103371996348991857e+01
2.012896230955016819e+01 2.244523206255676229e+01 1.063856371523043265e+01 1.698750488804228098e+01 -5.778260770671824531e+00
1.576934059943034150e+01 4.865248486075729240e+00 1.783788848381875169e+01 2.534730757727142603e+01 2.171791188614668044e+01
6.869922684242463440e+00 5.235526291853272340e+00 2.947729102825586622e+01 1.092110823202764713e+01 1.503397557221390635e+01
1.887671780826265433e+01 4.886497905735263103e+00 7.542190405976967327e-01 1.438384645255006333e+01 1.696661460120011355e+01
5.351574297281199932e+00 -7.366727112923866727e+00 1.648494624880681414e+01 1.550692814398016317e+01 3.679232852867573733e+00
4.743548051845268176e+00 -1.848893324599480081e+00 4.707528020985751738e+00 1.598416419609681682e+01 -8.559078555972998714e+00
-7.115830531175703300e+00 5.585985963613910421e+00 3.532486728828961731e+01 3.921333609866563563e+01 -1.472864048078379540e+01
1.539812918991305679e+01 9.431731800991407511e+00 2.363744531077309574e+01 2.453726134263450831e+01 2.798694362320084839e+00
7.477299595530190857e+00 4.100371394083975218e+00 1.880288382285272064e+01 -7.569675522430628689e+00 -6.448465830767702300e-01
-1.632358221806619270e+00 3.788242256995032697e+00 1.731071682614458496e+01 8.335037505529397706e+00 1.360475406904910933e+01
7.534027004659332505e+00 1.890533097267342910e+01 1.000608622989753371e+01 1.525206292316810774e+01 -1.542808538079326830e+00
9.808772487009504104e+00 1.392941649337355337e+01 1.270403440986331312e+01 1.029169592312560866e+01 1.290428090472273936e+01
2.091815907215461223e+01 -5.083263920635427979e-02 1.936443936868125704e+01 -9.313146599852018426e+00 7.630766894332881023e+00
-2.710579854942345435e+00 1.329100113296691354e+01 -5.314128569290474502e+00 1.224215340604063407e+01 -7.136915393452138545e+00
1.188136957055939824e+01 -1.722638992074314146e+00 4.145117964775073460e+01 1.324953979350041600e+01 -5.652461548210311548e+00
1.603053697903326480e+01 -6.614676369216432761e+00 -1.164304957203022184e+00 1.529282505294859718e+01 -1.483620942804177645e+01
1.167136783704114933e+01 2.211060004812579027e+00 2.578239159200305863e+01 7.565920139433425007e+00 1.238953900759952376e+01
8.451515451655071232e+00 3.139443566274580988e+00 1.064243161476914601e+01 1.063370620717608794e+01 5.927764249673496799e+00
1.189718791979585966e+01 -1.648671922604096096e+01 2.183786078180477475e+01 9.670154384205048359e+00 -6.844114274105708162e+00
8.022027097388043870e+00 -4.546727892795731307e+00 1.423597495865245754e+01 1.029543531590352146e+01 -5.696662666401625330e+00
1.225838745770750826e+01 -4.676594983663887817e+00 1.818415238837746983e+01 -1.105258151983711912e+01 6.621555997620361289e+00
4.211588790528047355e+00 7.153654558981870082e-03 2.887894432133636613e+01 8.421831476480644341e+00 8.564308939540893562e+00
2.031282196801967288e+01 1.922543092810469290e+01 3.835188878193768858e+00 2.328414751865972221e+01 -4.272485993677740623e+00
-1.927713830291693853e+00 1.774859417539890316e+01 6.967630489338547228e+00 1.444207070795967951e+01 1.532345910779015874e+01
2.616939902189706402e+01 3.451697627406338231e+00 1.151988651727999979e+01 8.032750501368589369e+00 4.664529726613353411e+00
2.032918045916061800e+01 -1.589822239938291304e+01 1.121966282889870570e+01 1.965695426108581856e+01 1.244149568002668182e+01
-7.231933239653432821e+00 1.430392426313078502e+01 1.459714770692936625e+01 2.657841624435571148e+00 -5.624411368884285167e+00
3.705541393706614173e+00 9.771557513830115838e-01 2.439638894885885279e+01 2.690303472273791741e+00 -7.776290806402490929e+00
5.567997406102236368e-01 8.119257703959950057e-01 -6.842708835548926061e+00 2.470311544692511063e+01 5.308777529806380180e+00
1.653175852143304780e+01 9.583469022840239049e+00 1.536397536593434765e+01 8.626615888632709783e+00 -8.371650508851269379e+00
5.885090476375952839e+00 2.922238060368377521e+00 1.922917363150983405e+01 2.156149978648265630e+01 1.703320592635362374e+01
2.376847817908949168e-01 3.248474295810859225e+00 1.752806582843127003e+01 1.249037461548016914e+01 1.786017467101628142e+01
7.327746985809566738e+00 1.724238022096273326e+01 1.132408078226023385e+01 7.305937773120189327e+00 -9.257562814463444312e+00
1.805492106146941111e+01 1.754769139857089399e+01 2.225559181467025738e+01 9.413104095284854367e+00 1.257499524423150739e+01
2.955442969009726362e+00 1.611318507384961407e+01 -4.422341740345995476e+00 8.317544358724784814e+00 -1.047992563410081246e+01
5.483277293489799753e+00 -7.375423986557498424e+00 1.264123247722813659e+01 1.834379093789092252e+01 4.864420819695489229e+00
1.375896827327955663e+01 1.634176471402454478e+00 2.379141336046242117e+01 2.293748197975215675e+01 -8.836221562341126656e+00
2.010133882865719102e+01 1.272663126231864972e+01 2.437612335149043474e+01 1.502547701635527488e+01 -7.981174812942935404e+00
1.847863718124922272e+01 1.311236006316825353e+00 1.701982992005997275e+01 -1.071905498617668329e+01 1.257604987652533346e+01
1.876051185412307731e+01 2.556219993348013375e+01 2.688702556295607593e+01 1.057464803974153256e+01 2.165904702791815595e+01
-3.801142964330789908e+00 4.257939673489639887e+01 4.475573893432424200e+01 2.030819563694863206e+01 -3.782681675417304490e+00
1.139862205761014913e+01 1.112538940374635388e+01 1.759623743417279584e+01 1.912748001189763514e+01 1.568785680751874700e+01
5.048260451568378215e+00 5.329622804363039812e+00 1.317101474995328303e+01 1.414219047466831114e+01 1.192696057131838039e+01
-9.081847831366037127e+00 5.165333160584932415e+00 3.155174165676483256e+01 8.044343651409578300e+00 -4.325834567618384696e+00
3.264354452007731666e+00 1.114532047991697006e+01 -3.900039190761567909e+00 1.424302852954777165e+01 -2.709955381978046063e+01
2.523584831579528753e+01 3.303843408514523183e+00 2.765590199192649834e+01 6.413046642832433974e+00 7.753934759411780675e+00
3.400918311321280640e+01 -6.110351209554707452e+00 2.342506879171224909e+01 -1.021510823700523929e+01 -2.085767588999437905e+01
1.688921362157944372e+01 4.412745742026999096e+00 9.022733155431506447e+00 1.190152712528518641e+01 -1.766032371938139889e-01
1.302176825208272248e+01 1.173440997544209452e+01 2.388208848486463154e+01 1.217600206923098050e+01 1.319806154019778610e+01
1.687759695794798986e+01 7.931581922491090175e+00 8.891368065121071140e+00 -1.552037662677926733e+01 3.079309177607798986e+00
7.659311093008980720e+00 -1.201413941528185703e+01 2.191026149685221114e+01 1.212866884184724015e+01 -8.485118844184531994e+00
1.866059172821805490e+01 1.191294980400155268e+01 2.576952513690747892e+01 3.456826649642952276e-01 1.038246097504557852e+01
1.571394482910246637e+00 -2.474968879865528848e+01 8.714943638873339893e+00 8.789110092898475557e+00 2.682275910834501786e+01
1.328702456072835325e+01 1.848001420876049394e+01 9.627127574561754386e+00 2.111474485130321455e+01 -6.268282836571295036e+00
2.114733892631556955e+01 -8.265674316518072828e+00 2.755272561532840214e+01 1.111142332916111997e+01 -1.949491237373179864e+00
-1.447204069736525156e-01 1.271216013718464666e+01 4.805207723319798063e+00 1.487631121426363379e+01 -3.279237278260946908e-01
1.165641786055398832e+01 4.166723734232694376e+00 7.685677484405747606e+00 1.959841933211794895e+00 -8.120985315266446847e+00
1.446826246796478621e+01 5.485319860205651210e+00 3.236308160310613147e+01 1.339667578488633382e+01 -1.265193850682650023e+01
2.447604052894354254e+01 -7.417786944082575218e+00 2.146402153702698357e+01 7.309721962523909156e+00 1.286981465243713529e+01
8.179791651756170623e+00 -6.033807177300420932e+00 4.630778889278197141e+00 2.557293995626412908e+00 -2.275212508545038759e+00
3.065486137286729473e+01 5.360612935062583517e+00 1.601813863830060214e+01 2.470754904478905445e+01 -5.034745347115274328e+00
2.676621897516072934e+00 -2.479921130452116707e+00 6.144785616763064340e+00 2.934731183193477477e+01 5.384614056760286260e-01
-2.399203282859264874e+00 1.082135536029850353e+00 7.398607291571847711e+00 1.082023350642550952e+00 1.064856912722110671e+01
-9.445402822954807931e+00 6.639312236504417264e+00 2.938753659503153415e+01 3.597073067233959165e+01 2.056208370983244293e+01
7.973171772755694775e+00 2.910937383618906971e+00 2.535201667468376030e+01 2.209793542290426416e+01 -4.134206948382958657e+00
-1.229258933088598482e+01 -6.273031364217427353e-01 3.028207635787310537e+01 1.124100232951455069e+01 -8.945327153213618487e+00
2.200016972873036991e+00 1.098630770299009463e+01 1.872913464648403803e+01 9.275481912290366893e+00 6.847927555135107980e+00
6.610164679070893889e+00 2.576876924644979638e+00 -4.904592785806016764e-01 -1.227165003614926420e+00 -2.109024225989671208e+00
3.938158898902389460e+00 -6.722422723792842447e+00 1.945454029722888123e+01 1.739172445276710022e+01 1.698823938516768450e+01
9.231596602948032526e+00 -2.933878511104847320e+00 4.530239474097646379e+00 -1.068619962246101096e+01 7.135901008301997805e+00
-2.650576940187981734e+00 1.363696864898730787e+01 1.918343515155896739e+01 1.790026126315126476e+01 1.631181190920224822e+01
8.909260374323748621e+00 3.418338828474394742e+00 5.574840075261729311e+00 4.470543957074264441e+00 1.743468543846224961e-01
1.524547846234532678e+01 1.354163196355345988e+00 1.753005183461432281e+01 1.423824119090662954e+01 1.278010098985574494e+00
3.647418989283102775e+01 5.332902420274303168e+00 2.210097867399090177e+01 -8.664537237849561535e+00 1.715919206082702431e+00
1.285448994546263890e+01 1.312728258674904325e+01 5.146048027685161230e+00 1.862893215100045907e+01 -1.048077411041423090e+01
4.441255744537198069e+00 1.906012197564419530e+00 3.239870935183092371e+01 1.187964232077787052e+01 2.044249561568332041e+01
-1.185153803257982119e+01 -5.052536407792095119e+00 1.613065919096204581e+01 2.342843375527227323e+00 1.509489771868408070e+01
-1.221122074598728346e-01 1.305052862932879876e+01 4.870106773840834791e+00 7.496316769848932360e+00 1.540717495282252258e+01
2.444749107153390888e+00 8.244182482781035048e+00 1.466444302331069593e+01 1.112004594498359111e+01 2.454430088902812912e+01
1.567943381649935830e+01 2.983620256181565011e+00 1.469250961834526414e+01 3.839805327172349791e-01 8.270261565272187809e+00
1.567333420564419555e+01 1.301592258387420387e+01 3.277142870637791816e+01 1.630613275134065177e+01 -6.907842548601909272e+00
1.226212131141006445e+01 -1.693165703158743263e+00 6.677392902632335314e+00 4.882584144833120199e+00 5.568721612262601539e+00
1.765011283666694908e+00 7.066358525786897715e+00 -4.338737352874382225e+00 -1.692240405365139821e+01 3.414086798892863595e+00
-5.316018230959503654e+00 -1.779462669917928785e+00 -5.059055368464786540e+00 -8.089426167622409736e+00 7.388959830296434994e+00
4.915471148477451813e+00 3.517382962040690231e+00 1.364972949811092384e+01 4.726930942850636086e+00 2.018362069926176616e+01
1.361025416345379035e+01 2.976977679031155333e+01 2.987321242472858174e+01 1.887677616154881832e+01 4.817876528953868309e+00
4.104179320809297593e+00 -3.301662802248372941e+00 1.534382811443616745e+01 2.171553563249305085e+01 -5.583794427218746748e+00
9.713944737162035992e+00 -8.522775141080984440e+00 1.506597622299309869e+01 1.742257333186917378e+01 1.491218850802641072e+01
1.287212986198134956e+01 -2.359698186412604315e+00 1.021497197440832849e+01 1.216322868340648711e+01 2.904120475438514148e+00
1.321444271294370054e+01 6.335193692164914125e+00 2.414952288747200981e+01 -1.653432418230160295e+00 7.765310540908932246e+00
4.478411617720432503e-01 1.394873792023481940e+00 7.250901726871106234e-01 1.237307655854649902e+01 -9.526406739111427768e+00
1.723982625000763491e+00 2.692193645810989722e+01 2.027887678446168707e+01 2.152705243509304722e+01 -3.296277386100397777e+00
2.160466370872294561e+01 8.847489450773129427e-01 8.606089771799526389e+00 1.740432755366913042e+01 6.406950564673273618e+00
2.238262413136238749e+01 -8.855738604138572612e+00 6.195658204863746299e+00 7.338278736147557879e+00 5.969403433184090169e+00
5.417696017239830297e+00 3.206336839442446962e+00 1.081714686384465551e+01 2.119543645757819306e+01 -6.117734271976695837e-01
5.898879907918279208e+00 4.681257082358490251e+00 1.301080879639050636e+01 1.439259860874567920e+01 -7.674959941594357460e+00
1.091571244289147913e+01 2.306469823694816235e+00 5.143021058041716387e+00 -4.456079646222661950e+00 6.697975191329242683e+00
8.621413036689681064e+00 3.285058822547026747e+00 1.013780094510709695e+01 2.544950271944198761e+01 -5.812585712151889794e+00
9.369212032949308266e+00 -1.035604860079100575e+00 -6.509057630493732205e+00 1.287257980752205100e+01 -8.294456177962388210e+00
1.756376887927419972e+01 1.224289201504633517e+01 1.779673222000313615e+01 1.724223651953722936e+01 4.728670488291939478e-01
1.687592786751324070e+01 1.316746951527924381e+01 2.519716101678587350e+01 2.463544836330538601e+01 -9.561055975293317744e+00
1.321286938918735387e+01 -2.037026699414003517e+01 2.373373710930064462e+01 5.575188732501289657e+00 7.928325635717791364e+00
5.360187379840831490e+00 7.867336402032544029e+00 2.072496442533342531e+01 1.090240469850922267e+00 -2.700342019866228682e-01
6.955971540706302747e+00 1.170818433376394907e+01 1.164249030131720097e+01 1.022217074826158267e+01 2.788635291333243060e+01
-1.528947510884685812e+01 9.677535540962638905e+00 1.473552550894381064e+01 1.948324186723776208e+01 1.414656643111283252e+01
2.252231562627301997e+01 -4.847286012386692988e+00 2.575609480746335933e+01 1.679696208457259132e+01 -8.996743406612353056e-01
1.862168918498102244e+01 -1.072657126245767678e+01 2.052310198364572003e+01 1.048310034721334638e+01 1.843236883121260306e+01
3.405159375370648611e+00 -9.065793104607777764e-02 1.061419517610313079e+01 8.033813146143515382e+00 -9.582418462866668207e+00
9.890934078320503531e+00 -3.665729756746352486e+00 2.242172490322496259e+01 1.991879201417820511e+01 -8.176277253386459165e+00
1.013153036557870834e+01 5.532300277133382238e+00 6.136049695881576227e+00 2.568105219134521278e+01 5.040087955335669889e+00
1.453194204359973085e+01 -6.378689931320291606e-02 2.084119489326811347e+01 4.083969251775837961e+01 -8.818877513993461648e-01
1.365225407175965877e+01 7.231095013887879119e+00 1.982404264673597183e+01 1.191542513799979908e+01 -1.223651433807359723e+01
-2.553725476701718122e-01 9.349275937487870891e+00 -2.500251948243565892e+00 1.868947309064146367e+01 7.803223035037341937e+00
1.402717512664443333e+01 9.951915146735199613e+00 1.355105077854775253e+01 1.845346443082144461e+01 -6.274591498928925759e+00
1.224514420732769260e+01 5.057109502093872777e+00 3.986532159564182720e+00 1.013818355457131837e+01 2.497951517768733609e+01
1.572556751597232250e+01 -9.687162010707114135e+00 2.422799538738406255e+00 2.265826229792554258e+01 -1.154996799236470295e+01
2.477135382287639587e+01 -5.328609421342365593e+00 1.530420917253824875e+01 1.168971302429074122e+01 4.123162601742656364e+00
1.617759470776279329e+01 3.285751795392276620e+01 3.159821100360899493e+01 2.291330907529066252e+01 -1.713460607391192525e+01
9.760192381013949259e+00 1.637253512687384571e+01 9.438079338590664946e+00 3.324745399513116695e+01 7.407422845881994178e+00
9.413560873598310508e+00 -4.739999199474731029e+00 1.277214299735571146e+01 2.111796562313308456e+01 3.925358852572143675e+00
2.725291653952216286e+00 1.995762901280418689e+01 2.387747027340415684e+01 7.118889830835382071e+00 1.129694805630235521e+01
5.466003015689008038e+00 1.009099591429934151e+01 5.477510493415136850e+00 1.145450370684859820e+01 1.590794627341478140e+01
-8.463416145538356972e+00 -1.243382161399253505e-01 9.845339704883549814e+00 -1.017565892197433541e+00 -6.360989745400003059e+00
-7.976375781681987576e+00 -2.615569434901910739e+00 3.949285698773701370e+01 -4.376756241371527523e+00 5.063176618173007348e+00
1.541712651274195522e+01 2.678999616096808367e+00 1.021263701543285940e+01 3.140622804667864543e+01 -5.418743710911664735e+00
7.144062206716313312e+00 -1.989226257921199448e+00 1.017659621953977478e+01 2.140191884250651100e+00 -8.644765720109106155e+00
1.764665759981969728e+00 -1.281386815549857516e+01 4.837800608295594884e+00 1.743627932269834702e+01 2.024862600548261327e+01
2.197417347795923703e+01 -8.225052973966217706e+00 -6.237635300207287514e+00 1.253711747666089593e+01 -3.629036242313832261e-01
1.107142535272931383e+01 1.015152185392757644e+01 2.305065440401044441e+01 2.852585641398810878e+01 -3.428196875999223181e+00
9.365946786460227713e+00 8.890536018901194382e+00 2.104535427805299364e+01 1.282644324120902013e+00 9.137586484133795039e+00
6.549747259626769846e+00 1.640189818212119732e+01 1.503429017816187496e+01 -9.418516144035475435e+00 -1.836501416815085719e+00
-1.807980275906317047e+00 1.581002161817298735e+01 3.339447418378872712e+00 4.569540776851576780e+00 -3.859252495127169169e+00
5.041816648572048365e+00 9.273876876287019400e+00 1.098248605113097831e+01 1.555644388926590693e+01 1.828132113143651694e+01
1.238074256951703411e+01 5.718588251703061509e+00 2.516768246808879894e+01 1.186311144791853067e+01 1.782909756614469288e+01
-1.299710458171192684e+00 1.158721444089053065e+01 3.013957644298651317e+00 8.970959516075421192e+00 1.999610561704309930e+01
1.146142542133075182e+01 2.303416416192054328e+01 1.093793605630123977e+01 7.429346609363537191e+00 -1.888614073684109940e+01
1.382008200941935883e+00 -1.343938353030583954e+00 1.373957145237817201e+00 1.768011587805730755e+00 1.038466011241604114e+01
2.716502774235125273e+01 5.791239046997079143e+00 9.440316499550307938e+00 1.526691699099667332e+01 1.181964884013292050e+01
2.620112929182143446e+00 1.726344840329335995e+01 2.327003523996967971e+01 1.413092248250393368e+01 1.828333092138115745e+01
7.891326460272729548e+00 -2.769151658288148354e+00 1.535117776247450472e+01 1.035746965862817248e+01 1.599720527820615068e+01
4.142633445448246299e+00 1.432653754655519229e+01 6.131754777449690330e+00 2.817741961423046959e+01 2.266861751672602310e+01
1.026714277801612951e+01 -2.938752020747251059e+00 3.375328171257545762e+01 -2.038699166547850439e-01 -6.314983848532563115e+00
3.527070920782691843e+01 -3.368148416525207800e+00 1.649913681046727376e+01 7.927984280383470583e+00 -2.833335165890726870e-01
1.700045272314684652e+01 4.745598107105363894e+00 1.308191948551005268e+01 3.894398840826296393e+00 2.499857840457401537e+01
2.095272891103379997e+00 1.672034927869275833e+01 1.523406709415396065e+01 1.055280234555239183e+01 5.633999271233484762e+00
1.031047952046710492e+01 -1.339099272851950673e+01 1.486494056537836883e+01 7.089540308843016447e+00 -2.174354948547689048e+01
1.644359362432610538e+01 2.549464390261025670e+00 2.211691051878660730e+01 9.551876807722155860e+00 -1.963507419103870610e+00
1.449098834244469458e+01 -4.230878609950069702e+00 9.975044030304939469e+00 2.585783766454506960e+01 1.084520743107205476e+01
7.518501843363119441e+00 7.284778378142760857e+00 2.543073425441574642e+01 1.915837299743840560e+01 1.850801365017073508e+01
8.265439063783954765e+00 4.319236658900264203e+00 5.396295237148795110e+00 2.617878939857148168e+01 2.836384084849241649e+00
-1.548935711666281634e-01 -3.259753124258115697e+00 2.627705493240708279e+01 7.351453696811596217e-01 -1.017024978677070202e+00
1.266864820808953240e+01 -6.280706824933712795e+00 3.020468398745609306e+01 1.279025718968542513e+01 -6.957364717961791456e-01
8.517070426052221421e+00 2.495119395323381006e+00 5.120388652353540238e+00 1.486750947252000365e+01 7.859729425182367279e+00
1.307430251864654380e+01 -2.575191404509573623e+00 1.274815162917298572e+01 2.958347907566452051e+00 5.797100090883137824e+00
1.489233764833579521e+01 -1.867876921091357900e+01 -3.639202877880745035e-01 1.792339421210969519e+01 3.748175610512540334e+00
4.627808491574803895e+00 -4.699566545276875118e+00 1.609859484582678490e+01 5.485564158007851354e+00 1.264415097041656466e+01
-5.949973115471181018e-01 1.699641934483737682e+00 3.284706054453563695e+01 6.501882200175764126e+00 7.506979796223982149e+00
1.262948268415177822e+01 8.049290725752024755e+00 -2.024845301638286799e+00 1.139516984984140180e+01 -1.975305911490390365e+00
1.150378104995091633e+01 3.221931217441388995e+00 1.525212685841955107e+01 2.015339283156272643e+00 2.440247859073629844e+00
2.479116981117545038e+01 8.759463602670576776e+00 1.214194397877565734e+01 2.254042474813401853e+01 -2.858761582110539656e+00
2.319020005634099135e+01 2.277111352281392609e+00 -4.460295965152045738e+00 4.752426330736748028e+00 4.861942297152983983e+00
1.584442695895752351e+01 -6.794489516860730660e+00 2.114695827268351636e+01 1.423577514703505997e+01 -4.060867789442379916e+00
1.214534037071134343e+01 -1.031338449498232279e+01 -8.704132021611115988e+00 2.868035127966426145e+01 1.187717491343106779e+01
2.469208302852195658e+01 -4.703433158366063793e-01 2.369213339842743693e+01 2.046687237749382859e+01 1.110818093973621146e+01
3.347111144414841810e+00 -1.390686415774784912e+00 8.300482037454099071e+00 -2.893434370374595943e+00 4.511548129586000933e+00
1.549930597057039527e+01 1.704837829596528564e+01 1.922310958578548679e+01 2.043810046278051118e+01 5.556864881420519708e+00
2.563792608618236102e+01 -2.380407350109051023e+00 6.952607797574541060e+00 1.533726201823323976e+00 2.549778771444076142e+01
1.389942997103361577e+01 1.720405941623255330e+00 2.665299376091015304e+01 2.885031012930861749e+01 6.924585508812954870e-01
3.494405617980069678e+01 1.006278203682552075e+01 3.297495684900050605e+01 8.347660180185355827e+00 1.498799920359096927e+00
1.896893555862004632e+01 -8.961422703619865260e+00 6.338977792281733414e+00 -1.036252788201628761e+01 5.463275573108469452e+00
9.446489327438662542e+00 8.249128609529446265e+00 2.022821514753962902e+01 9.954102215315700164e+00 -4.035207258064065883e+00
2.922119917968116098e+00 1.117573051924309446e+00 1.775275170828527038e+01 1.242095318647717228e+01 4.100431597265854045e+00
2.314428294588944368e+01 1.944780939346345772e+00 4.388814804430563044e+00 3.229202952894247858e+00 1.506194609889954794e+00
1.659563465091656198e+01 1.079020304510422790e+01 9.906260108507241924e+00 8.466822719082570003e+00 9.293192866086668502e+00
2.348787868290099823e+01 1.271086438287062137e+00 1.583936340276065735e+01 1.758865787948966641e+01 -8.713232471471188845e+00
6.693561285230491542e+00 8.522332723500523954e+00 8.694816856412755257e+00 9.185417809961560209e+00 -1.441278738693271499e+00
-1.300262257452832415e+00 -7.617665339422666548e+00 1.569333092818629893e+01 1.140301860387201671e+01 1.605836446597425748e+01
3.381087241271457877e+00 4.149556265812721634e-01 1.328829649876271546e+01 1.297863800915769517e+01 2.270668260834617058e+01
1.716110914349665606e+01 1.479653072876442543e+00 3.068179441254333994e+01 3.665183545845879465e+00 1.665181781246555914e+01
1.168241385729339754e+01 3.029802395785657687e+00 2.916283595411389484e+00 2.363125734373686271e+01 -1.704226920077546836e+01
8.766371227964457447e+00 -3.910471923622731438e-01 2.029987616829139796e+01 3.304492934775677071e+00 -1.080810819389247612e+00
2.199332810753838885e+01 3.125020807349765306e+01 1.850762985555799389e+01 3.605222755887584896e+00 4.598045247242408706e+00
1.885089891868663869e+01 1.986065141643947385e+01 3.425779233938040136e+01 2.730301030859523337e+01 2.332733430129256291e+01
1.968904557733332794e+01 5.707709319679629800e+00 2.107994379633891668e+01 2.501610224535377114e+01 8.774260240513079623e+00
2.120988707990630218e+00 1.328212355042308346e+01 3.433323317063504732e+01 1.781262909988691234e+01 2.060723423781777797e+01
1.073711577015607688e+01 3.776432888550585343e+00 2.085582093726127439e+01 9.799269040022565491e+00 -1.568890495355912762e+01
1.633613112728711414e+01 -1.940925516401821938e+01 9.801539204535497873e+00 2.217319168626175596e+01 1.108924594535687369e+00
2.627378384226695118e+00 3.934017965123834948e+00 1.676502952043554018e+01 6.147322634616755543e+00 2.781272107402494242e+01
2.153519887055593784e+01 1.697250536619346661e+01 1.177093475933940425e+01 1.544213463038583889e+01 -1.498282087632246018e+01
1.551540181406069507e+01 -4.347002345785401900e+00 5.893741877708890797e+00 1.303827362105321086e+01 2.114596698351762338e+00
7.050231586873518808e-01 8.487887875734141829e+00 8.439318405348908314e+00 2.509952323753241643e+01 -1.863958655184795532e+00
-1.332472710708152874e+00 2.356682677166284545e+00 2.460491183410911731e+01 6.703504974496094171e+00 7.918339025708363010e-01
-1.593049387823186080e+01 6.876810778674579794e+00 2.210191642254277511e+01 1.301937647253711461e+01 2.194903681486107594e+00
4.222272829135507166e+00 1.567888850132279632e+00 -9.252017362111359944e-01 1.442045835367894391e+01 -9.130407277334363414e+00
5.466538790140536008e-01 1.922152859971518524e+01 3.400672024084737899e+01 5.436210148288082245e+00 2.708680598354691327e-01
2.746256318275165853e+01 1.843087583454784095e+01 4.805508152366375185e+00 2.290152892643148874e+01 1.592563361978601222e+01
6.758498018117004236e+00 1.223712608122474954e+01 3.355055443878081434e+01 5.488694830417754744e+00 1.468886848221698038e+01
1.420239250461779790e+01 -1.307714890385268092e+01 1.394075927748818344e+01 4.595029937419233157e+00 1.852136758560990870e+01
3.550114579000156922e+00 2.448571910499400595e+00 1.331349747198532185e+01 7.676799974441033569e+00 -1.697691926666584195e+01
1.892257884749868069e+01 5.438609959596589327e+00 2.675597323305137110e+01 7.310128449363611836e+00 9.741248277718852933e+00
1.668395218903130228e+01 -8.047158798971238980e+00 5.488679118307128846e+00 2.099124529277065676e+01 1.437191533706279678e+01
1.953586651699463772e+01 -1.805103464575494598e+01 -8.813057926940860654e+00 5.883689240811754928e+00 3.309701143573229132e+01
1.175845711650053005e+01 -2.307555906525205813e+00 3.255545540370162882e+01 1.360290749884538997e+01 -9.228495469631228687e+00
6.323401464775894709e+00 -1.486288367507762587e+01 2.154822093177878628e+01 2.981224578162274241e+01 1.152629459984631310e+01
1.237503794040514649e+01 9.942014265411582841e+00 2.670656686717187256e+00 1.697427872789583247e+01 2.557654811630740266e+00
2.040681517963839298e+01 1.329289664303155760e+00 7.227163138149371946e+00 5.283921769848383576e+00 3.125614445784654549e+01
-1.168006401508904446e+00 1.336253572546603152e+01 8.338176162517733303e+00 6.946530785173028022e+00 -3.664172853019195486e+00
2.397031114430776100e+01 -4.619219742938618367e+00 1.284843656803512246e+01 1.210536697447195209e+01 -1.961635999419018006e-01
7.504287423037812488e+00 2.643659450728220506e+01 9.170034011170377752e+00 -1.168980175031552449e+01 -4.215808226333404463e+00
2.519003313884248030e+01 9.524984188665392537e+00 7.073183863009102623e+00 1.399917408416714082e+00 1.967155550410652864e+01
8.320868272125128584e+00 1.159795906811331179e+01 1.191378268146906194e+01 1.151778364405324417e+01 3.166254081078408333e+00
2.283030774708631228e+01 1.084763155490964870e+01 1.907827176043279493e+01 1.616145975788604972e+01 6.429569524514457513e+00
9.383724336596056759e+00 8.519325440966181162e-01 2.061057433467137301e+01 1.051315104409429324e+00 1.526457363127751155e+00
2.358361193449291449e+01 1.019410998229643539e+00 1.319917093409775077e+01 1.694681299099719496e+01 1.873326411978131745e+01
7.123423915375077797e-01 -6.562806080043664281e+00 1.602255066900397296e+01 5.217490920999792614e+00 4.779875329519480687e+00
-9.003696914644262250e+00 -6.239364192571805745e+00 1.615068047008391972e+01 6.733017973551501001e+00 -2.443498054271699971e-01
1.547052797574943028e+01 5.187319257686286988e+00 -9.053224234261527670e+00 1.919991138685962895e+01 -7.845045596199124560e+00
2.356978787668277775e+01 8.846862779838575719e+00 1.143884585669743181e+01 2.554626306834369487e+01 2.575950580386930611e+01
1.666880199357180459e+01 -6.137197024379423382e+00 1.596595069084355245e+01 1.410873170038235003e+01 -1.052388706437503529e+01
-1.106346720321983668e+00 8.504456177691022134e+00 3.680311273239182412e+01 2.892590627984942486e+01 1.384171818204818649e+01
4.615200553426170416e+00 2.332565778650819155e-01 9.676136338146916316e+00 2.780659829411813888e+01 -1.184706415158741422e+01
3.135839579661294607e+01 3.879547631467289648e+00 1.108913409809759720e+01 1.762456254633072561e+01 1.231563554747311073e+01
1.208093683452166545e+01 5.468844502680258124e+00 1.909549372619403584e+01 2.740555530979935384e+01 2.186240275075507355e+01
-1.769248912579863386e+00 2.104722177069013878e+00 1.434288605346100987e+01 8.660900692994268013e+00 1.178746344168696503e+00
1.972797248535870906e+01 7.086752614486783841e+00 1.856756800551008979e+01 8.402964145628642356e+00 -3.476549112820618959e+00
2.211638666348812166e+01 -1.145134792472699559e+01 2.083097683170271353e+01 1.556183734860974255e+01 3.815306998781474057e+00
8.733993688740218531e+00 4.567972771762334183e-01 3.022634478034082761e+01 1.687814764976591775e+01 -6.219892377344290679e+00
-2.718116679596178642e+00 1.567976849575729581e+00 8.333587222842762543e+00 1.830742979769622991e+01 3.708267106631907950e+00
1.830852601018745673e+01 -5.537377215409266640e+00 1.860207105438956177e+01 2.860835403058342763e+01 -2.640402478085183802e+00
1.127711810527027936e+01 -4.291825633597692757e+00 8.995255885860139244e+00 1.887625951053349382e+01 2.034552992921310377e+01
-3.724152904859714397e-01 -7.409669611458369332e+00 1.986065961267127733e+01 4.796180077363784378e+00 8.136974470241751689e+00
1.570816671797242492e+01 1.311487227785499599e+01 1.097700160383198664e+01 -8.919222459506833900e+00 1.216581254599951034e+00
2.216882835597129286e-01 -1.024439301629023191e+00 2.513732469442706119e+01 5.297757738017538465e+00 1.455598212262457114e+00
2.635913875347717550e+01 3.329660893432375701e+01 2.424963544662417547e+01 2.026367847487107099e+01 -7.047225296761119750e+00
2.103931098477062989e+01 8.108089189871792613e+00 2.367041236511415292e+00 4.888739313518970064e+00 -2.776883945882606675e+00
2.985188527399572855e+00 9.167863504871544222e+00 9.856005067455521740e+00 6.384152057478013731e+00 8.437170326220348571e+00
2.747522086384266160e+01 9.398998770150264193e+00 9.048026256110315302e+00 1.663016899096899337e+01 7.373762993343232708e+00
4.081367727394883183e+00 1.055170528334892310e+01 1.494511999142848069e+01 2.383412573203490936e+01 2.783915524182629220e+00
2.232310387636524673e+00 4.563389442412039365e+00 1.762472674800260464e+01 1.630357893543560266e+01 5.616076862659277857e+00
-1.818653002507359417e+01 1.227177562356735052e+01 2.262119013429621361e+01 6.759798274618862735e+00 1.055806472222093895e+01
7.002841486614799216e+00 -4.570825503940437073e+00 2.067588092236074360e+01 2.141755266699910720e+01 -1.469621115754479845e+00
3.297885578997527034e+01 1.676247945989340948e+01 9.299068353823116695e+00 4.807938727137742951e+00 3.419315216719310158e+00
4.517186553631362678e+00 -2.950098823438737305e+00 8.919201371184257710e+00 2.045107098537097912e+01 1.358136427007973879e+00
1.104151857806391135e+01 -7.327291781835452156e+00 2.395184383120507832e+01 2.703804665337211333e+01 1.422091556202800255e+00
1.439251073694179439e+01 1.376176793180484736e+01 1.948556660507584581e+01 1.479873757454461369e+01 9.605439023890653516e+00
-8.155995691953226157e+00 1.138950997490184847e+01 1.734091342058110996e+01 6.337408729335258784e-01 8.368708061868950665e+00
-9.302232710942199390e+00 1.340454819431819722e+01 1.321557937161678353e+01 5.114591023421907856e+00 -2.230597875372071215e+00
1.814324613537392850e+01 1.614059517121517473e+01 -2.119503393696952287e+00 1.582658561614259085e+01 1.345913470418947533e+01
1.323512566408575175e+01 5.775907552712225446e+00 1.422725782621203372e+01 2.309273855224276417e+01 1.246312282954858297e+01
1.849320269040709519e+01 -3.171971284211488218e+00 2.027195631552253730e+01 3.553913312029390426e+00 6.254869004512497277e+00
1.019711066612705075e+01 7.312851879047735260e+00 2.792872207641417859e+01 8.341994072592040510e+00 2.775107984280902329e+01
5.891011674997860048e+00 -4.636951347108480448e+00 2.009105710448280391e+01 2.461957253022398362e+01 1.745524179596635861e+01
3.954824571393416477e+00 6.092762944699148697e+00 1.468867621060707584e+01 2.120622863636501876e+01 1.368650261741006524e+01
1.112486811500435913e+01 9.333662646860791057e+00 1.665740123414150275e+01 1.710694298895184318e+01 -1.255334005329435954e+00
2.190731608625881321e+01 1.070156550332143652e+01 8.630952286701171872e+00 3.249006145874441032e+00 -8.820347260227162423e+00
-1.619280603591007406e+01 9.861653271698655132e+00 6.375092406164949210e+00 1.839770567418937830e+01 2.656025286153514742e+01
2.085494011584807339e+01 -1.179598823898979632e+01 1.315615978370397521e+01 1.093216321056967821e+01 -3.713026470236783894e+00
1.708526330132478321e+01 2.229553633529631540e+00 -3.077448427289017019e+00 1.693568000790054384e+01 -1.766884955794826340e+01
1.959283164165877267e+01 1.397392732885138322e+01 1.523728792700547174e+01 5.012911880848111679e+00 7.903212246960918286e+00
1.292807904515404616e+00 1.845618394099138726e+01 1.894990272632613681e+01 3.548335344618987364e+00 2.371869662015417379e+00
4.197482953973372588e+01 3.989411576629187550e+00 1.021702547274651884e+01 2.211010816265471135e+01 -1.334300503835256890e+00
4.143938354307755034e+00 1.177144726705548550e+01 6.314938855539157458e+00 -9.702771520254049875e-01 1.237570667532878765e+01
1.752918429524016375e+01 -1.906182941147613974e+01 5.907269666029050015e+00 9.630659545330271243e+00 8.239072506712229682e+00
2.072068843811489458e+01 4.864502400359768330e+00 1.523699737903912599e+01 1.377706655507591194e+00 -3.347039847535137724e+00
1.898382072502406714e+01 -7.004879462237113330e+00 2.033870813785072329e+01 2.847295153360072106e+00 -7.974717553592709507e+00
5.677882469469254012e+00 1.459455516811933151e+01 -7.595920504682318608e+00 1.473607503232423355e+01 7.178924553288528188e+00
2.075940918153368031e+01 4.693700839565374316e+00 1.866651996382032763e+01 -3.287869947378167623e+00 -4.256383920977915736e+00
3.368670187384985582e+00 -1.874070053731466956e+01 2.566798028497348483e+01 4.750669223651163620e+00 1.241140517984854341e+01
-2.013414260724388782e-02 -3.316650418582738347e+00 1.996314355432526355e+01 1.736344444033310097e+01 -8.792256161349218502e+00
1.139086750554473149e+01 3.354869044863423522e+00 1.304727097657279167e+01 1.537953569993331371e+01 2.080786090843899316e+01
3.046603664769223840e+00 1.987088937074048900e+01 1.800438114879474938e+01 5.581854124412585882e+00 -1.926221975020496302e+00
4.372441199280808988e+00 -6.948669807163661005e-01 4.570212033712921951e+00 8.413468490458251736e+00 1.081359173000588392e+01
1.112208272717855451e+01 1.998812710220573763e+01 1.704305679595127287e+01 2.128768732893372828e+01 -1.390064241013991975e+01
1.991184458958134229e+01 9.476098176306100740e+00 2.787440061416474535e+01 2.069656464700397436e+01 1.041839325103732783e+01
1.570655264630197578e+01 1.322573192627983119e+00 1.792427355496078789e+01 4.873699611016736100e+00 -7.510825198094821076e+00
2.789396206002339795e+01 1.457262497595395168e-01 1.060622800002060018e+01 7.346232160703475955e+00 -3.543980754353178497e+00
1.178402599253169569e+01 6.373116477208658814e+00 2.142786166106298040e+01 1.449309985975076032e+01 -1.431529325098057370e+01
1.792951897584181609e+01 -1.137684822649399763e+01 2.789714293900862430e+01 2.383655926955418280e+01 -7.378703950205601103e+00
3.135545601595112686e+01 2.332789569870643120e+00 6.830324206820904465e+00 7.561461804370982698e+00 1.132544796972497814e+01
6.295112448222818458e+00 -1.526088265178805159e+01 4.104888531261075002e+00 1.061589175514487948e+00 4.847263831864026429e+00
-1.272439377849380548e+01 2.970764510766043642e+01 1.344401073107171207e+01 4.908599055367327324e+00 -2.448891733298582452e+00
-1.604505895963486140e+00 6.944220890397819090e+00 3.900846364199276550e+00 1.115940917247563036e+01 1.136412521534434816e+01
8.796835715955959145e+00 1.032702408748799261e+00 1.654342037058647463e+01 2.834707610929675070e+01 -2.216707082208504431e+00
2.021925196114595025e+01 5.929950058983004979e+00 9.227061007171784013e+00 9.283301983294050430e+00 2.524814482287491391e+00
-1.322412716856915083e+00 -4.110222905403105642e+00 1.295263942010669211e+01 1.164071637058528808e+01 -1.534723222613076032e+00
1.845421307827622925e+00 3.652900802301158478e+01 1.077691250279614010e+01 -3.958813690320397427e+00 -4.471392661729446161e+00
5.338442977838745662e+00 -7.963099714035127619e+00 7.211897898404922458e+00 9.718452034166157105e+00 -9.737655176136435387e+00
1.883580042550885736e+00 3.068264730578960098e+00 1.512504262331368388e+01 1.292079048625643978e+01 -8.867146526153863562e+00
1.828290898457021285e+01 4.094304204547833059e+00 1.784164364961315385e+01 1.983122030821459703e+01 4.713221335401305723e+00
1.574820931263659141e+01 1.791485153749425407e+00 2.883178916134392722e+01 1.738471467640084356e+01 -1.437364627811529871e+01
2.257553779372686975e+00 1.386368164906673606e+01 2.537537782083453308e+01 -1.284839685182060265e+00 1.431400748435316395e+01
1.415298701628474909e+01 2.965917360177607875e+01 2.711090918571927233e+01 9.957044900594150150e+00 -2.778304032194265361e-01
9.437535760626184711e+00 2.127332354974281081e+00 1.815357865153669792e+01 1.019676675512075903e+01 -7.377573117811095926e+00
1.409448065985202447e+01 1.371015073939840612e+01 1.455893360103507383e+01 1.065574378094027885e+01 -2.935082792305356847e+00
2.248513063111432331e+01 -7.446482896282358155e+00 4.771504068068990634e+00 -3.573740255791648224e+00 -6.538857927205718568e+00
1.497908412070973938e+01 -1.938273386722356761e+01 6.264040266695936054e+00 1.880716431634916574e+01 -2.210278452213854550e+00
1.623221674031226414e+01 -9.283248730961464190e+00 3.235685461594004408e+01 1.796469164632436843e+01 1.616949728002019882e+01
1.952868090977543147e+01 -1.457976028267866653e+00 1.945078471519322960e+01 2.724679967120106738e+00 1.056888202764774576e+01
-1.654541433013672602e+01 1.507123763673414274e+00 -1.133714900686942073e+01 1.406041656484945790e+01 1.041616116666847880e+01
1.521997970583320736e+01 9.639493394338970234e+00 1.341810145077650418e+01 2.277803587313473699e+01 1.179138063668108671e+01
1.492562252027059522e+01 2.959483544249401188e+00 1.475302375810789535e+01 8.153440171753308263e+00 -1.164510432961709441e+01
1.390584260761245083e+01 1.792526077990618205e+01 1.568414513959073453e+01 8.074312241203999818e+00 1.977006809769965567e+00
4.616886063141915741e+00 -5.449475258783564868e-02 3.708417411264716890e+01 3.851804976328807584e-01 8.652298114403009777e+00
6.123534802768922702e+00 7.892428474780066594e-01 1.547535808875851338e+01 1.520321438454691432e+01 2.954069986572595141e+01
